egoNetwork.mtx1.png 16 0.8349410246397841 0.7654230210434885
ca-netscience.mtx1.png 19 0.8472006090524734 0.07640621524286247
socfb-Haverford76.mtx1.png 5 0.33922470324667464 0.4322766256334251
socfb-Simmons81.mtx1.png 11 0.47912786434724564 0.20618254356657637
soc-karate.mtx1.png 4 0.41978961209730437 0.28750000000000003
ia-enron-only.mtx1.png 7 0.565065996099235 0.26401882808079025
egoNetwork.mtx2.png 16 0.8349699474521806 0.7648411413587333
ca-netscience.mtx2.png 18 0.8453428074829183 0.07460084866288179
socfb-Haverford76.mtx2.png 6 0.3274055397357189 0.5022751783979239
socfb-Simmons81.mtx2.png 11 0.4792894763522373 0.20611042360278597
soc-karate.mtx2.png 4 0.4155982905982906 0.2872055811571941
ia-enron-only.mtx2.png 7 0.5655851533897235 0.26007297097254417
egoNetwork.mtx3.png 16 0.8349120654765438 0.7651453480158134
ca-netscience.mtx3.png 17 0.8453356252603557 0.07148921530855203
socfb-Haverford76.mtx3.png 5 0.33824331159145926 0.43110411389026365
socfb-Simmons81.mtx3.png 11 0.4783900238849894 0.20629229477946984
soc-karate.mtx3.png 4 0.4188034188034188 0.2879330943847073
ia-enron-only.mtx3.png 7 0.5678678995900848 0.26064739060773734
egoNetwork.mtx4.png 15 0.8349180634942623 0.7817339894917451
ca-netscience.mtx4.png 18 0.8404169998419914 0.07624659629742364
socfb-Haverford76.mtx4.png 6 0.33755155687177146 0.48937164087537094
socfb-Simmons81.mtx4.png 11 0.4598366454607236 0.2077514804705605
soc-karate.mtx4.png 4 0.41978961209730437 0.28750000000000003
ia-enron-only.mtx4.png 7 0.5621339812278907 0.2583925687995829
egoNetwork.mtx5.png 16 0.8349619892505193 0.7655853439825622
ca-netscience.mtx5.png 17 0.8440194829757385 0.07239788366439341
socfb-Haverford76.mtx5.png 5 0.33829966389043115 0.4305923663160824
socfb-Simmons81.mtx5.png 11 0.47933536003751864 0.2059842314656157
soc-karate.mtx5.png 4 0.41978961209730437 0.28750000000000003
ia-enron-only.mtx5.png 7 0.5678678995900848 0.26064739060773734
egoNetwork.mtx6.png 16 0.834580604415313 0.7686539170117129
ca-netscience.mtx6.png 17 0.8453248519265116 0.07154495794012271
socfb-Haverford76.mtx6.png 5 0.33793467370672176 0.4278344270087879
socfb-Simmons81.mtx6.png 11 0.4790054668070927 0.20611676434525175
soc-karate.mtx6.png 4 0.3942307692307692 0.35079365079365077
ia-enron-only.mtx6.png 7 0.5678678995900848 0.26064739060773734
egoNetwork.mtx7.png 16 0.8349699474521806 0.7648411413587333
ca-netscience.mtx7.png 18 0.8462669201193208 0.07653329255022917
socfb-Haverford76.mtx7.png 6 0.33500164396321275 0.4343404378633064
socfb-Simmons81.mtx7.png 11 0.47831411515332317 0.20633056692447324
soc-karate.mtx7.png 4 0.3949704142011834 0.3477411477411477
ia-enron-only.mtx7.png 7 0.5672508367063528 0.2667231392098217
egoNetwork.mtx8.png 16 0.8349466630025082 0.7644631806744255
ca-netscience.mtx8.png 19 0.8403188428003007 0.07452537556701376
socfb-Haverford76.mtx8.png 5 0.3286786540248864 0.45387435948674115
socfb-Simmons81.mtx8.png 11 0.4789973782809697 0.20610323476286666
soc-karate.mtx8.png 4 0.3952169625246548 0.34675925925925927
ia-enron-only.mtx8.png 7 0.5678678995900848 0.26064739060773734
egoNetwork.mtx9.png 16 0.8349405290865815 0.7660232766831819
ca-netscience.mtx9.png 19 0.8452769704427602 0.07817832964655581
socfb-Haverford76.mtx9.png 5 0.336570301099555 0.43162019673995305
socfb-Simmons81.mtx9.png 11 0.47872556906723535 0.20608658037687436
soc-karate.mtx9.png 4 0.4151051939513477 0.2875
ia-enron-only.mtx9.png 7 0.5655851533897235 0.26007297097254417
egoNetwork.mtx10.png 16 0.834925832555931 0.7647637013705861
ca-netscience.mtx10.png 19 0.8483318091061007 0.07841940667591389
socfb-Haverford76.mtx10.png 5 0.33720814350017236 0.4446985459805413
socfb-Simmons81.mtx10.png 11 0.4787954187558442 0.2061438175629019
soc-karate.mtx10.png 4 0.39201183431952663 0.346031746031746
ia-enron-only.mtx10.png 7 0.56211336952405 0.2528961088073217
